0	1
1	1
2	1
3	1
4	1
5	1
6	1
7	1
8	1
9	1
10	1
11	1
12	1
13	2
14	2
15	2
16	2
17	2
18	3
19	4
20	4
21	4
22	4
23	4
24	4
25	4
26	4
27	4
28	4
29	4
30	4
31	4
32	4
33	4
34	4
35	4
36	4
37	4
38	4
39	4
40	3
41	3
42	3
43	3
44	3
45	3
46	3
47	3
48	3
49	3
50	3
51	3
52	3
53	3
54	3
55	3
56	3
57	3
58	3
59	3
60	3
61	3
62	4
63	4
64	4
65	4
66	4
67	4
68	4
69	4
70	4
71	5
72	5
73	5
74	5
75	5
76	5
77	5
78	5
79	5
80	5
81	5
82	5
83	5
84	6
85	6
86	6
87	6
88	6
89	6
90	6
91	6
92	6
93	6
94	6
95	6
96	6
97	6
98	6
99	6
100	6
101	6
102	7
103	7
104	7
105	7
106	7
107	7
108	7
109	7
110	7
111	7
112	7
113	7
114	7
115	7
116	7
117	7
118	7
119	7
120	7
121	8
122	8
123	8
124	8
125	8
126	8
127	8
128	8
129	8
130	8
131	8
132	8
133	8
134	8
135	8
136	8
137	8
138	8
139	8
140	8
141	8
142	8
143	8
144	8
145	8
146	8
147	8
148	8
149	8
150	8
151	8
152	8
153	8
154	8
155	8
156	8
157	8
158	8
159	8
160	8
161	8
162	8
163	8
164	8
165	8
166	8
167	8
168	8
169	8
170	8
171	8
172	8
173	8
174	8
175	8
176	8
177	8
178	8
179	8
180	8
181	8
182	8
183	8
184	8
185	8
186	8
187	8
188	8
189	8
190	8
191	8
192	8
193	8
194	7
195	7
196	7
197	7
198	7
199	7
200	7
201	7
202	7
203	7
204	7
205	7
206	8
207	8
208	8
209	8
210	8
211	8
212	8
213	8
214	8
215	8
216	8
217	8
218	8
219	8
220	8
221	8
222	8
223	8
224	8
225	8
226	8
227	8
228	8
229	8
230	9
231	9
232	9
233	9
234	9
235	8
236	8
237	8
238	8
239	8
240	8
241	8
242	8
243	8
244	8
245	8
246	8
247	8
248	8
249	8
250	9
251	9
252	9
253	9
254	9
255	9
256	9
257	9
258	9
259	9
260	9
261	9
262	9
263	9
264	9
265	9
266	9
267	9
268	9
269	9
270	9
271	9
272	9
273	9
274	9
275	9
276	9
277	9
278	9
279	8
280	8
281	8
282	8
283	9
284	9
285	9
286	9
287	9
288	9
289	9
290	9
291	9
292	9
293	9
294	9
295	8
296	8
297	8
298	8
299	8
300	8
301	8
302	8
303	8
304	8
305	8
306	8
307	8
308	8
309	8
310	8
311	8
312	8
313	8
314	8
315	8
316	8
317	7
318	7
319	7
320	7
321	7
322	7
323	7
324	7
325	8
326	8
327	8
328	8
329	8
330	8
331	8
332	8
333	9
334	9
335	9
336	9
337	9
338	9
339	9
340	9
341	9
342	9
343	9
344	9
345	9
346	9
347	9
348	10
349	10
350	10
351	10
352	10
353	10
354	10
355	10
356	10
357	10
358	10
359	10
360	10
361	10
362	10
363	10
364	10
365	10
366	10
367	10
368	10
369	10
370	9
371	9
372	9
373	9
374	9
375	9
376	9
377	9
378	9
379	9
380	9
381	9
382	9
383	9
384	9
385	9
386	9
387	9
388	9
389	9
390	9
391	9
392	9
393	9
394	9
395	9
396	9
397	9
398	9
399	9
400	9
401	9
402	9
403	9
404	9
405	9
406	9
407	9
408	9
409	9
410	9
411	9
412	9
413	9
414	9
415	9
416	9
417	9
418	9
419	9
420	9
421	9
422	10
423	10
424	10
425	10
426	10
427	10
428	10
429	10
430	10
431	10
432	10
433	10
434	10
435	10
436	10
437	10
438	10
439	10
440	10
441	11
442	11
443	11
444	11
445	11
446	11
447	11
448	11
449	11
450	11
451	11
452	11
453	11
454	10
455	9
456	9
457	8
458	8
459	8
460	8
461	8
462	9
463	9
464	9
465	9
466	9
467	9
468	9
469	9
470	9
471	9
472	9
473	9
474	9
475	8
476	8
477	8
478	8
479	8
480	8
481	8
482	8
483	8
484	8
485	8
486	8
487	8
488	8
489	8
490	8
491	8
492	8
493	8
494	7
495	7
496	7
497	7
498	7
499	7
500	7
501	7
502	7
503	7
504	7
505	7
506	8
507	8
508	8
509	9
510	10
511	10
512	10
513	10
514	10
515	10
516	11
517	11
518	10
519	10
520	10
521	10
522	10
523	10
524	11
525	11
526	11
527	11
528	11
529	11
530	11
531	11
532	11
533	11
534	11
535	11
536	11
537	11
538	11
539	11
540	11
541	11
542	11
543	11
544	11
545	11
546	12
547	12
548	12
549	12
550	12
551	11
552	11
553	11
554	11
555	10
556	10
557	10
558	10
559	10
560	10
561	10
562	10
563	10
564	10
565	10
566	10
567	9
568	9
569	9
570	9
571	8
572	8
573	8
574	8
575	8
576	8
577	8
578	8
579	8
580	9
581	9
582	9
583	9
584	9
585	9
586	9
587	9
588	9
589	9
590	9
591	9
592	10
593	10
594	10
595	10
596	10
597	10
598	10
599	10
600	9
601	9
602	9
603	9
604	9
605	9
606	9
607	10
608	10
609	10
610	10
611	10
612	10
613	10
614	10
615	10
616	10
617	9
618	9
619	9
620	9
621	9
622	9
623	9
624	9
625	9
626	9
627	9
628	9
629	9
630	9
631	9
632	9
633	9
634	9
635	9
636	9
637	9
638	9
639	9
640	9
641	9
642	9
643	9
644	9
645	9
646	9
647	9
648	9
649	9
650	9
651	9
652	9
653	9
654	9
655	9
656	9
657	9
658	9
659	9
660	10
661	10
662	10
663	10
664	10
665	10
666	10
667	10
668	10
669	10
670	10
671	10
672	10
673	10
674	10
675	9
676	9
677	9
678	9
679	9
680	9
681	9
682	9
683	9
684	9
685	9
686	9
687	9
688	8
689	8
690	8
691	8
692	8
693	8
694	8
695	8
696	8
697	8
698	8
699	8
700	8
701	8
702	8
703	9
704	9
705	9
706	9
707	9
708	9
709	9
710	9
711	9
712	9
713	9
714	9
715	9
716	9
717	9
718	9
719	9
720	9
721	9
722	9
723	9
724	9
725	9
726	9
727	9
728	9
729	9
730	9
731	9
732	9
733	9
734	9
735	9
736	9
737	9
738	9
739	9
740	9
741	9
742	9
743	9
744	9
745	9
746	9
747	9
748	9
749	9
750	9
751	9
752	9
753	9
754	9
755	9
756	9
757	9
758	9
759	9
760	9
761	9
762	9
763	9
764	9
765	9
766	9
767	9
768	8
769	8
770	8
771	8
772	8
773	8
774	8
775	8
776	8
777	8
778	8
779	8
780	8
781	7
782	7
783	7
784	7
785	8
786	8
787	8
788	8
789	8
790	8
791	8
792	9
793	9
794	9
795	9
796	8
797	8
798	8
799	8
800	8
801	8
802	8
803	8
804	9
805	9
806	9
807	9
808	9
809	9
810	9
811	9
812	9
813	9
814	9
815	9
816	9
817	9
818	9
819	8
820	8
821	8
822	8
823	8
824	8
825	8
826	8
827	8
828	8
829	8
830	8
831	8
832	9
833	9
834	9
835	9
836	9
837	9
838	8
839	8
840	8
841	8
842	8
843	8
844	8
845	8
846	8
847	8
848	8
849	8
850	8
851	8
852	8
853	8
854	8
855	8
856	8
857	8
858	8
859	8
860	8
861	8
862	8
863	8
864	8
865	8
866	9
867	9
868	9
869	9
870	9
871	9
872	9
873	9
874	9
875	9
876	9
877	9
878	8
879	8
880	8
881	8
882	9
883	9
884	9
885	10
886	10
887	10
888	10
889	10
890	10
891	10
892	10
893	10
894	10
895	10
896	10
897	10
898	10
899	10
900	10
901	10
902	10
903	10
904	10
905	10
906	10
907	10
908	9
909	9
910	9
911	9
912	9
913	9
914	9
915	9
916	9
917	9
918	10
919	9
920	9
921	9
922	9
923	9
924	9
925	9
926	9
927	9
928	9
929	9
930	9
931	9
932	8
933	8
934	8
935	8
936	8
937	8
938	8
939	8
940	8
941	8
942	8
943	8
944	8
945	8
946	8
947	8
948	8
949	8
950	8
951	8
952	8
953	8
954	7
955	7
956	7
957	7
958	7
959	7
960	6
961	6
962	6
963	6
964	6
965	6
966	6
967	7
968	7
969	7
970	7
971	7
972	7
973	8
974	8
975	8
976	8
977	8
978	8
979	8
980	8
981	8
982	8
983	8
984	7
985	8
986	8
987	8
988	7
989	7
990	7
991	7
992	7
993	8
994	8
995	8
996	8
997	8
998	8
999	8
